35 16
42 2
31 15
39 45
11 17
40 34
10 44
5 15
19 38
22 8
14 5
38 37
34 23
2 23
24 12
44 50
37 5
36 41
35 24
30 3
33 3
19 38
32 2
7 27
32 49
27 43
12 36
23 12
2 30
1 25
22 18
21 13
39 23
30 7
17 50
16 12
21 37
23 27
14 35
30 50
21 27
28 18
38 8
33 29
28 1
15 16
21 26
24 41
27 22
49 2
43 13
22 28
30 49
33 32
48 3
11 13
21 3
21 14
3 44
31 47
41 41
33 36
22 38
25 8
28 50
37 48
25 25
38 13
39 6
5 39
21 1
13 21
42 14
41 21
5 35
21 17
34 34
31 7
37 27
41 9
50 2
41 27
41 10
49 44
45 4
47 40
48 30
12 13
29 49
28 35
30 44
44 18
9 43
22 30
27 7
18 30
49 45
34 40
10 49
31 42
